001 120 150
002 120 150
003 140 170
004 130 160
005 140 170
007 110 140
008 120 150
009 110 140
010 110 140
011 110 140
012 110 140
013 110 140
014 110 140
015 110 140
016 120 150
017 110 140
018 110 140
019 110 140
020 110 140
021 110 140
022 110 140
023 100 130
024 110 140
025 120 150
026 120 150
027 120 150
028 110 140
029 100 130
030 100 130
032 110 140
033 110 140
034 120 150
035 120 150
036 120 150
038 120 150
039 120 150
040 120 150
041 120 150
043 130 160
044 130 160
045 110 140
046 120 150
047 120 150
048 130 160
049 130 170
050 110 140
051 90 120
052 90 120
053 90 120
054 90 120
055 90 120
056 90 120
057 90 120
058 100 130
059 90 120
060 90 120
061 80 110
062 80 110
063 80 110
064 80 110
065 80 110
066 80 110
067 80 110
068 80 110
069 90 120
070 80 110
071 80 110
072 90 120
073 80 110
074 80 110
075 90 120
076 90 120
077 90 120
078 90 120
079 90 120
080 80 110
081 80 110
082 80 110
083 90 120
084 80 110
085 80 110
086 80 110
087 80 110
088 80 110
089 80 110
090 90 120
092 90 120
093 90 120
094 90 120
095 90 120
096 90 120
097 80 110
098 80 110
099 70 110
100 70 100
101 70 100
102 70 100
103 60 90
104 60 100
105 60 90
106 60 90
107 60 90
108 60 90
109 60 90
110 60 100
111 70 100
112 60 100
113 70 100
114 60 90
115 70 100
116 70 100
117 70 100
118 70 100
119 70 100
120 70 100
121 70 100
122 80 110
123 80 110
124 80 110
125 80 110
126 70 100
127 70 100
128 70 100
129 70 100
130 70 100
131 70 100
132 70 100
133 80 110
134 80 110
135 80 110
136 80 110
137 80 110
138 80 110
139 80 110
140 70 100
141 70 110
142 80 110
143 80 110
144 80 110
145 80 110
146 80 110
147 70 110
149 70 100
150 70 100
152 70 100
154 60 90
155 60 90
156 60 90
157 60 90
159 50 80
160 50 80
161 50 80
162 50 80
163 50 80
164 50 80
165 50 80
166 50 90
167 60 90
168 60 90
169 60 90
170 60 100
172 70 100
173 70 100
174 70 100
175 70 100
176 70 100
177 100 130
178 100 130
179 100 130
181 100 130
182 100 130
183 100 130
185 90 120
186 90 120
187 90 120
188 90 120
189 90 120
190 90 120
191 80 110
192 80 110
193 80 110
195 80 110
196 70 100
197 70 100
198 70 100
199 70 100
200 70 100
201 80 110
203 80 110
204 80 110
206 80 110
207 80 110
208 80 110
209 80 110
210 80 110
212 80 110
213 80 110
214 90 120
216 90 120
217 90 120
218 90 120
219 90 120
220 90 120
221 90 120
222 90 120
223 90 120
224 90 120
225 90 120
226 80 110
227 90 120
228 90 120
229 100 130
230 90 120
231 90 120
232 90 120
233 90 120
234 90 120
235 90 120
236 90 120
237 90 120
238 90 120
239 90 120
240 90 120
241 90 120
242 90 120
243 90 120
244 90 120
245 90 120
246 80 110
247 90 120
248 90 120
249 90 120
250 90 120
251 90 120
252 90 120
253 90 120
254 90 120
255 90 120
256 90 120
257 90 120
259 90 120
260 90 120
261 90 120
262 90 130
263 110 140
264 110 140
265 100 130
266 100 130
267 120 150
268 110 140
269 120 150
270 120 150
271 110 140
272 110 140
273 110 140
274 110 140
276 120 150
277 110 140
279 120 150
280 120 150
281 120 150
282 110 140
283 110 140
284 110 140
285 110 140
286 100 130
287 110 140
288 110 140
289 100 130
290 100 130
293 100 130
294 110 140
295 110 140
297 110 140
298 110 140
299 110 140
300 100 130
301 100 130
302 110 140
303 100 140
304 100 130
305 100 130
306 100 130
307 100 130
308 100 130
309 100 130
310 100 130
311 100 130
312 100 130
313 100 130
314 100 130
315 100 130
316 90 120
317 90 120
318 90 120
319 80 110
320 100 130
321 100 130
322 90 120
323 90 120
324 100 130
325 110 140
326 110 140
327 110 140
328 110 140
329 110 140
330 100 130
331 100 130
332 100 130
333 100 130
334 100 130
335 100 130
336 100 130
337 100 130
338 110 140
339 110 140
340 110 140
341 120 150
342 120 150
343 120 150
344 110 140
345 120 150
346 120 150
347 120 150
348 110 140
349 110 140
350 110 140
351 120 150
352 120 150
353 120 150
354 120 150
355 120 150
356 120 150
357 110 150
358 110 140
359 110 140
360 100 130
361 110 140
362 120 150
364 110 140
365 110 140
366 110 140
367 110 140
368 110 140
369 110 140
370 110 140
371 110 140
372 110 140
373 100 140
374 100 130
375 100 130
376 100 130
378 100 130
379 100 130
380 100 130
381 100 130
382 100 130
383 100 130
384 100 130
385 90 130
386 100 130
387 100 130
388 100 130
389 110 140
390 100 130
391 110 140
392 110 140
393 100 130
394 100 130
395 100 130
396 100 130
398 100 130
399 110 140
401 110 140
403 110 140
405 110 140
406 110 140
407 110 140
408 130 160
409 120 150
410 110 140
411 110 140
412 110 140
413 110 140
414 110 140
415 110 140
416 100 130
417 100 130
418 100 130
419 100 130
420 110 140
421 110 140
422 120 150
423 150 180
424 150 180
426 140 170
427 140 170
428 130 160
429 130 160
430 110 140
431 110 140
432 110 140
434 100 130
435 100 130
437 100 130
438 90 120
439 90 120
440 90 120
441 90 120
443 90 120
444 100 130
446 90 120
447 90 120
448 90 120
449 90 120
450 90 120
451 90 120
452 90 120
453 90 120
454 90 120
455 90 120
456 90 120
457 90 120
458 90 120
459 90 120
460 90 120
461 90 120
462 90 120
463 90 120
464 90 120
